Min Seam: 42861.1848817
[499, 217, 42861.18488171619]
[498, 218, 42776.09356107605]
[497, 218, 42724.985516766974]
[496, 218, 42447.828780699194]
[495, 219, 42419.649609783584]
[494, 220, 42401.93002908475]
[493, 219, 42345.997493949435]
[492, 220, 42311.40749409672]
[491, 219, 42302.18072359019]
[490, 218, 42257.836039945156]
[489, 217, 42176.292114393415]
[488, 216, 42138.41785057827]
[487, 217, 42129.074303713096]
[486, 217, 42057.14896076239]
[485, 217, 42035.381610649245]
[484, 216, 41938.9296459458]
[483, 216, 41930.09307274464]
[482, 215, 41923.71355547312]
[481, 215, 41918.737600270026]
[480, 215, 41687.45192123688]
[479, 216, 41571.166175639984]
[478, 215, 41414.95062061161]
[477, 216, 41261.071942513605]
[476, 217, 41078.62536106718]
[475, 217, 40953.019200756105]
[474, 218, 40940.465258771066]
[473, 219, 40855.44436438082]
[472, 219, 40723.371516919695]
[471, 218, 40679.49690451023]
[470, 219, 40510.676959477736]
[469, 219, 40497.71481712688]
[468, 220, 40373.52466891238]
[467, 220, 40299.55882610606]
[466, 220, 40261.78895324051]
[465, 219, 40194.96082393962]
[464, 219, 40076.24434958478]
[463, 220, 40017.716616691265]
[462, 219, 39806.59672641704]
[461, 219, 39671.574664057465]
[460, 218, 39603.950143804155]
[459, 217, 39376.121977542316]
[458, 218, 39359.76579058623]
[457, 218, 39162.64765315369]
[456, 218, 39118.146744228354]
[455, 219, 39057.446111884274]
[454, 220, 39003.36409036509]
[453, 221, 38923.23955043724]
[452, 221, 38894.370443276755]
[451, 220, 38868.851219263626]
[450, 221, 38738.53414789268]
[449, 222, 38634.70174796533]
[448, 222, 38586.00222008524]
[447, 223, 38449.508262459196]
[446, 224, 38308.16699762661]
[445, 223, 38281.85679959352]
[444, 222, 38161.20848280026]
[443, 221, 37956.65503701594]
[442, 220, 37905.424022103565]
[441, 220, 37818.74491803962]
[440, 220, 37729.856911459814]
[439, 220, 37725.10212335685]
[438, 221, 37706.142299625004]
[437, 220, 37648.3458335933]
[436, 220, 37505.53339792376]
[435, 220, 37492.27920982974]
[434, 220, 37471.27262794986]
[433, 219, 37332.365746139374]
[432, 220, 37240.51852287715]
[431, 219, 37127.43978320297]
[430, 219, 37119.73929449283]
[429, 219, 37093.728011226005]
[428, 220, 37032.85192957758]
[427, 219, 36966.15549752741]
[426, 218, 36961.693336274584]
[425, 217, 36892.73771599183]
[424, 217, 36826.65662967658]
[423, 217, 36783.27971576746]
[422, 217, 36705.57512961384]
[421, 218, 36630.60699318955]
[420, 219, 36589.40700404075]
[419, 220, 36480.86210329465]
[418, 220, 36333.91604581438]
[417, 221, 36180.01727064376]
[416, 222, 36172.49940623077]
[415, 223, 36166.28497400076]
[414, 222, 36104.5578761351]
[413, 221, 35884.3771640611]
[412, 220, 35806.098185274255]
[411, 219, 35745.32549400475]
[410, 218, 35723.5612436103]
[409, 217, 35332.53462598899]
[408, 216, 35290.34695745474]
[407, 216, 35120.7281201864]
[406, 215, 35000.49156495314]
[405, 216, 34892.00761561654]
[404, 216, 34813.63239166408]
[403, 215, 34751.18424112789]
[402, 214, 34700.99806298291]
[401, 213, 34490.90253003309]
[400, 212, 34471.520092650106]
[399, 213, 34462.76556271394]
[398, 212, 34364.245721812666]
[397, 212, 34258.40428879897]
[396, 213, 34171.72234421754]
[395, 214, 34147.04091164104]
[394, 214, 34123.43233767776]
[393, 215, 34118.12220729456]
[392, 216, 33966.01376344468]
[391, 217, 33829.3964506152]
[390, 217, 33755.34435521507]
[389, 217, 33715.250491190825]
[388, 216, 33689.22828268905]
[387, 216, 33503.80408966049]
[386, 215, 33477.219828188136]
[385, 215, 33455.71537586013]
[384, 214, 33445.03829915401]
[383, 213, 33435.624552354]
[382, 212, 33294.116915039034]
[381, 211, 32909.76508001286]
[380, 210, 32741.819688077976]
[379, 209, 32590.58094500358]
[378, 209, 32554.472565067652]
[377, 210, 32434.640457823483]
[376, 209, 32423.807566010288]
[375, 208, 32219.710707278573]
[374, 209, 32178.442817953466]
[373, 209, 32059.56059834496]
[372, 208, 31999.274804044064]
[371, 207, 31833.630007870503]
[370, 207, 31769.40204397517]
[369, 207, 31717.25091081966]
[368, 207, 31688.310247373993]
[367, 206, 31431.581435165794]
[366, 205, 31359.828207182218]
[365, 204, 31282.49132952643]
[364, 205, 31212.683545599084]
[363, 206, 30988.218134948074]
[362, 207, 30894.624974351234]
[361, 208, 30683.48832052318]
[360, 209, 30623.245591278388]
[359, 209, 30587.167118487596]
[358, 209, 30576.12166594433]
[357, 208, 30531.25755057326]
[356, 207, 30244.339168086284]
[355, 206, 30168.40423789823]
[354, 205, 30117.810340075488]
[353, 206, 30112.950965477354]
[352, 205, 30035.83800353989]
[351, 206, 30008.99945582905]
[350, 206, 29930.339498409114]
[349, 207, 29788.941010907263]
[348, 208, 29782.81872361836]
[347, 208, 29552.246830386597]
[346, 208, 29485.979977321404]
[345, 207, 29459.446589529754]
[344, 207, 29376.150414966804]
[343, 207, 29262.593149430617]
[342, 207, 29138.0023510641]
[341, 208, 29132.402668312752]
[340, 207, 29042.44507844666]
[339, 206, 28967.183330926026]
[338, 207, 28924.510693652755]
[337, 208, 28820.868510039774]
[336, 209, 28768.95888773298]
[335, 210, 28697.68845231179]
[334, 209, 28569.94500488693]
[333, 209, 28442.57139949358]
[332, 208, 28371.150739842513]
[331, 207, 28323.408459150487]
[330, 207, 28291.98163597976]
[329, 208, 28279.746165150427]
[328, 207, 28269.97066509994]
[327, 207, 28245.67875401682]
[326, 208, 28124.89354476528]
[325, 208, 28046.935498328192]
[324, 207, 27874.275721050846]
[323, 206, 27865.986764377998]
[322, 205, 27834.146951314222]
[321, 205, 27516.12459344826]
[320, 205, 27407.872408839103]
[319, 206, 27407.36050141588]
[318, 207, 27158.474573670846]
[317, 208, 27112.42107279626]
[316, 209, 27049.475363846523]
[315, 209, 26987.48403883296]
[314, 208, 26984.97934348856]
[313, 207, 26948.623046051314]
[312, 206, 26863.51083949751]
[311, 205, 26812.13594192826]
[310, 206, 26746.945176901136]
[309, 205, 26671.14552706133]
[308, 204, 26658.403051736917]
[307, 204, 26657.776575955493]
[306, 203, 26499.04241433429]
[305, 204, 26438.32747917602]
[304, 205, 26236.711206475586]
[303, 204, 26222.340897633396]
[302, 203, 26156.823774454984]
[301, 204, 26129.626710033714]
[300, 204, 26128.41649971809]
[299, 205, 26060.391096748]
[298, 205, 25890.460255341313]
[297, 206, 25838.549691969416]
[296, 207, 25644.33802736444]
[295, 208, 25523.31124392334]
[294, 209, 25479.19840895199]
[293, 208, 25457.684630635908]
[292, 209, 25150.775733245326]
[291, 208, 25057.84246467006]
[290, 208, 25026.8082233465]
[289, 209, 24755.821433727586]
[288, 210, 24728.048838475523]
[287, 209, 24704.341719101114]
[286, 209, 24686.04499397599]
[285, 208, 24685.763027243418]
[284, 207, 24671.632620039723]
[283, 208, 24605.29537478831]
[282, 209, 24475.298078876556]
[281, 208, 24397.655685675312]
[280, 207, 24366.111294918912]
[279, 208, 24081.84498487065]
[278, 208, 24066.822876688675]
[277, 208, 24019.890433107543]
[276, 209, 23979.22644307525]
[275, 208, 23965.622507068852]
[274, 208, 23879.135189209843]
[273, 207, 23795.446467211834]
[272, 206, 23760.06297307619]
[271, 205, 23681.494478678185]
[270, 206, 23645.293360780877]
[269, 207, 23613.078404062348]
[268, 206, 23393.833281690917]
[267, 206, 23282.083642425907]
[266, 205, 23153.926416245216]
[265, 204, 23120.196647657853]
[264, 205, 23059.301624383683]
[263, 205, 23006.367328768618]
[262, 204, 22942.71728725211]
[261, 203, 22842.456862585288]
[260, 203, 22658.222321322206]
[259, 203, 22658.186673191227]
[258, 203, 22581.108159059888]
[257, 204, 22505.034401359164]
[256, 205, 22485.965900194416]
[255, 205, 22477.624187675607]
[254, 206, 22430.106613469743]
[253, 207, 22251.995254880447]
[252, 208, 22246.622381889338]
[251, 209, 22051.63344508309]
[250, 210, 22017.18633751751]
[249, 210, 22009.278836410413]
[248, 210, 21901.6840713705]
[247, 211, 21850.259064287224]
[246, 212, 21717.339614175715]
[245, 213, 21686.64870106863]
[244, 213, 21535.8683573731]
[243, 213, 21346.5398411095]
[242, 214, 21268.94014753057]
[241, 213, 21205.468603383455]
[240, 214, 21112.461059900783]
[239, 215, 20881.81389462379]
[238, 216, 20807.978973099333]
[237, 217, 20740.60782019407]
[236, 218, 20672.225834761895]
[235, 219, 20536.75470072353]
[234, 220, 20463.66903186267]
[233, 219, 20357.04482624113]
[232, 219, 20339.90165971659]
[231, 219, 20272.16229232893]
[230, 219, 20245.606726614576]
[229, 219, 20133.037782459647]
[228, 219, 20118.154413456206]
[227, 220, 20056.734229653226]
[226, 221, 20040.7627805896]
[225, 222, 19966.658779516063]
[224, 222, 19906.663861264675]
[223, 223, 19894.433860528854]
[222, 224, 19575.64009417212]
[221, 223, 19483.40007742465]
[220, 224, 19453.624489000573]
[219, 223, 19266.971258985577]
[218, 224, 19098.67668394923]
[217, 225, 19057.75620072841]
[216, 226, 18908.38406032683]
[215, 227, 18859.284250973084]
[214, 228, 18525.80158663752]
[213, 229, 18494.331878466062]
[212, 230, 18291.99937012723]
[211, 229, 18280.74028131525]
[210, 229, 18091.746565978592]
[209, 230, 17990.19295804818]
[208, 231, 17924.66805282604]
[207, 232, 17901.87169670763]
[206, 233, 17885.114791311727]
[205, 233, 17620.361944649136]
[204, 232, 17425.855940922564]
[203, 233, 17410.897622713564]
[202, 234, 17106.391798475608]
[201, 235, 17088.632899082815]
[200, 236, 16957.46262866798]
[199, 236, 16817.648345965677]
[198, 237, 16805.65017785845]
[197, 237, 16735.60962477124]
[196, 236, 16700.827903181827]
[195, 237, 16667.1033025747]
[194, 236, 16582.62543827121]
[193, 236, 16559.958155907076]
[192, 237, 16454.599968205275]
[191, 238, 16407.632380846633]
[190, 238, 16343.089559463473]
[189, 237, 16185.731383746417]
[188, 237, 16156.229306694768]
[187, 236, 16095.905651669747]
[186, 237, 16003.454294264575]
[185, 236, 15998.991842418769]
[184, 237, 15932.504309960525]
[183, 238, 15859.557475787919]
[182, 239, 15624.337126345967]
[181, 240, 15383.125215046668]
[180, 241, 15360.816209335091]
[179, 240, 15341.04459362939]
[178, 240, 15092.522148671675]
[177, 241, 15028.540813992218]
[176, 242, 14827.94612391596]
[175, 243, 14709.12413669382]
[174, 244, 14673.236428167702]
[173, 245, 14580.141523286238]
[172, 245, 14571.48741470812]
[171, 244, 14532.851039235273]
[170, 244, 14470.872000581565]
[169, 245, 14469.680511952009]
[168, 246, 14400.180800932445]
[167, 247, 14240.450624384288]
[166, 247, 14180.259286257704]
[165, 248, 13891.671810204805]
[164, 249, 13783.22014310813]
[163, 250, 13752.388057026683]
[162, 251, 13751.490690166107]
[161, 252, 13614.245100702628]
[160, 253, 13572.702016114896]
[159, 254, 13553.66777713571]
[158, 254, 13494.123568200537]
[157, 254, 13298.741422586787]
[156, 253, 13295.285654123221]
[155, 254, 13142.916228223874]
[154, 255, 13061.563132600346]
[153, 256, 13008.589588897388]
[152, 256, 12864.926448278087]
[151, 257, 12829.845635562466]
[150, 256, 12807.085005566747]
[149, 257, 12617.420357322766]
[148, 258, 12572.353122065042]
[147, 258, 12553.382179730013]
[146, 259, 12446.73208547157]
[145, 258, 12390.478560635931]
[144, 257, 12380.278702718277]
[143, 256, 12292.974416860252]
[142, 255, 12172.925011552617]
[141, 254, 11898.138885720704]
[140, 253, 11895.30580356328]
[139, 252, 11850.244080179886]
[138, 251, 11648.608020712772]
[137, 252, 11618.80639638234]
[136, 252, 11569.642856545686]
[135, 251, 11507.231486450924]
[134, 251, 11439.455900718325]
[133, 252, 11357.647755981076]
[132, 253, 11308.443245470537]
[131, 253, 11099.06102998236]
[130, 252, 10918.139769836836]
[129, 251, 10884.693452960684]
[128, 250, 10872.685298364926]
[127, 251, 10856.520158293713]
[126, 250, 10728.251936281094]
[125, 250, 10665.455695478435]
[124, 251, 10637.709694277732]
[123, 250, 10529.288853607064]
[122, 251, 10486.585509812845]
[121, 250, 10297.603723228349]
[120, 251, 10203.911939094342]
[119, 250, 10066.958837009342]
[118, 250, 10047.778524370355]
[117, 251, 9816.2221777417]
[116, 250, 9769.704935853966]
[115, 250, 9660.58367066022]
[114, 249, 9612.049752229063]
[113, 248, 9378.934965414106]
[112, 249, 9358.341287612026]
[111, 248, 9310.39637607825]
[110, 249, 9182.187121030775]
[109, 248, 9174.02392224116]
[108, 247, 8992.245039464864]
[107, 246, 8873.810985277587]
[106, 246, 8820.102738619396]
[105, 245, 8815.977194917938]
[104, 245, 8812.527683998214]
[103, 245, 8607.653099544714]
[102, 244, 8552.80843144443]
[101, 243, 8402.058361807509]
[100, 244, 8378.624217619863]
[99, 243, 8363.109209315358]
[98, 242, 8338.863044026622]
[97, 243, 8187.293100957035]
[96, 244, 8156.286079003722]
[95, 243, 8013.466295194516]
[94, 243, 7919.136262603712]
[93, 243, 7901.474666220167]
[92, 244, 7834.922261471782]
[91, 243, 7831.422563222389]
[90, 244, 7741.498432348252]
[89, 243, 7733.206950067758]
[88, 243, 7685.673043466498]
[87, 244, 7660.135103092707]
[86, 244, 7640.458983252875]
[85, 245, 7544.978934991822]
[84, 244, 7480.245102059143]
[83, 244, 7082.0184467138]
[82, 243, 6929.764635353534]
[81, 243, 6909.555508774682]
[80, 242, 6799.104282367189]
[79, 243, 6788.133192518089]
[78, 242, 6750.522385018462]
[77, 242, 6695.0542763686535]
[76, 241, 6631.986831249251]
[75, 240, 6627.684341927494]
[74, 240, 6511.816356328088]
[73, 239, 6424.256000613176]
[72, 240, 6308.816922581258]
[71, 239, 6179.034131419137]
[70, 238, 6145.054778473635]
[69, 237, 5972.161438947758]
[68, 237, 5922.912219850415]
[67, 237, 5868.668869653449]
[66, 236, 5701.421549262919]
[65, 236, 5642.238907224144]
[64, 235, 5441.123524455543]
[63, 236, 5341.296388538704]
[62, 237, 5258.520649546771]
[61, 236, 5246.486359595165]
[60, 236, 5197.032988290944]
[59, 235, 5121.770571805277]
[58, 234, 4877.635584636887]
[57, 233, 4787.421684696954]
[56, 232, 4590.71018295622]
[55, 231, 4556.735241727342]
[54, 232, 4546.1780546227865]
[53, 231, 4509.5361705105715]
[52, 231, 4436.8829762958185]
[51, 230, 4297.254575937596]
[50, 231, 4218.432799447061]
[49, 232, 4122.379053752006]
[48, 231, 4060.786610069432]
[47, 232, 3997.054125095859]
[46, 233, 3987.471809991003]
[45, 234, 3940.3877174850954]
[44, 234, 3926.737735045264]
[43, 233, 3784.1173203288986]
[42, 234, 3736.661031065397]
[41, 234, 3733.994357696958]
[40, 233, 3688.5212457237913]
[39, 234, 3530.838842487165]
[38, 234, 3336.235228792044]
[37, 235, 3284.8279745342284]
[36, 235, 3208.6116992118737]
[35, 236, 3049.7345295919918]
[34, 237, 2996.257310733889]
[33, 237, 2971.1596046008963]
[32, 238, 2872.4556100406116]
[31, 237, 2642.2562547794682]
[30, 237, 2592.727328174084]
[29, 238, 2511.2775611501343]
[28, 237, 2470.3799347803365]
[27, 237, 2386.7342528962395]
[26, 236, 2302.279341334888]
[25, 236, 2147.278155287884]
[24, 237, 2062.916923145771]
[23, 237, 2036.7543495958846]
[22, 238, 1953.6847757178116]
[21, 237, 1934.4243941765924]
[20, 238, 1913.7262130853344]
[19, 237, 1835.8477525670778]
[18, 236, 1546.1572554791023]
[17, 236, 1365.5685878792383]
[16, 235, 1324.1322012893993]
[15, 234, 1266.6347518852642]
[14, 233, 1145.8358470678409]
[13, 233, 1134.0859522558478]
[12, 233, 1083.613332564229]
[11, 234, 857.4923193247813]
[10, 235, 837.4320046782955]
[9, 236, 647.5150586992653]
[8, 237, 488.2274002440228]
[7, 238, 481.40366726341813]
[6, 237, 276.43122736262836]
[5, 238, 265.74603998166594]
[4, 237, 245.98858833257347]
[3, 236, 235.49243638326433]
[2, 236, 175.97501798900933]
[1, 237, 125.13501685394945]
[0, 238, 80.04552350995404]
