Min Seam: 43240.497024857126
[499, 67, 112.65336231905599]
[498, 67, 66.57309583734461]
[497, 68, 169.73485816026474]
[496, 69, 146.14855457187426]
[495, 69, 49.81574976804626]
[494, 70, 100.35579582349297]
[493, 69, 155.86385561721028]
[492, 70, 122.83695454509098]
[491, 70, 127.12285393742113]
[490, 69, 166.60011780662182]
[489, 70, 29.6525853372982]
[488, 70, 272.16741404901893]
[487, 69, 12.442489852666938]
[486, 70, 13.046227720942438]
[485, 69, 117.83173048836404]
[484, 68, 38.697112982720995]
[483, 67, 5.694367858474935]
[482, 68, 149.29052082846871]
[481, 67, 33.942103318564676]
[480, 67, 1.0155894733872572]
[479, 68, 243.81393978636106]
[478, 68, 98.62655290123202]
[477, 68, 24.543422862339405]
[476, 69, 17.431241175963898]
[475, 70, 74.63798167752638]
[474, 71, 22.514522731347462]
[473, 72, 151.45127463408676]
[472, 71, 7.36191367843081]
[471, 72, 24.34239188472953]
[470, 73, 4.975206239401897]
[469, 74, 147.84119170650217]
[468, 75, 42.6225700933171]
[467, 74, 19.163103128569002]
[466, 74, 7.581082071016986]
[465, 74, 92.3409192926068]
[464, 73, 133.63694453756852]
[463, 73, 236.87934773420832]
[462, 72, 97.69175707333766]
[461, 72, 187.57755387172998]
[460, 73, 120.80108487699198]
[459, 74, 34.937249061277264]
[458, 74, 13.122971338663636]
[457, 73, 190.20583554048903]
[456, 72, 41.157794785952994]
[455, 73, 30.3878436235715]
[454, 72, 73.47225305479638]
[453, 71, 28.38254823857672]
[452, 70, 44.16877264405789]
[451, 69, 231.93473864712482]
[450, 68, 22.18808390349425]
[449, 68, 132.9354550486989]
[448, 68, 21.55873106163053]
[447, 69, 24.105274532160102]
[446, 70, 0.5060542613926633]
[445, 71, 87.37228608343666]
[444, 71, 190.80780994167935]
[443, 72, 412.90249227024736]
[442, 73, 13.751750833585374]
[441, 74, 277.3895738364798]
[440, 75, 120.19717640539052]
[439, 75, 24.33791055346607]
[438, 76, 80.20749788915549]
[437, 75, 29.91345667053341]
[436, 74, 12.850350270452394]
[435, 74, 40.51464100744712]
[434, 73, 190.62059647560898]
[433, 73, 122.1174675205075]
[432, 73, 32.71118667062106]
[431, 72, 43.15098474463902]
[430, 71, 12.415206052949602]
[429, 71, 67.43733945882369]
[428, 71, 14.179339319958517]
[427, 70, 44.67640094922282]
[426, 69, 69.79431728911656]
[425, 70, 72.4505569262976]
[424, 69, 71.86484746338162]
[423, 68, 154.70075557091923]
[422, 67, 184.65963566390408]
[421, 66, 162.84417958665094]
[420, 66, 0.7737015051244023]
[419, 65, 54.75465427381915]
[418, 64, 401.49384729100274]
[417, 63, 138.22723095660626]
[416, 64, 109.22096407775817]
[415, 63, 25.10311392011577]
[414, 62, 48.86577613459542]
[413, 62, 287.6439336894968]
[412, 61, 57.85685494516951]
[411, 61, 71.30690218794572]
[410, 60, 190.62274794824125]
[409, 59, 185.72817720836971]
[408, 58, 30.476995354484558]
[407, 59, 29.010827838259367]
[406, 58, 22.521859097194618]
[405, 59, 168.54959417589865]
[404, 60, 72.48466861195895]
[403, 61, 73.15533207936897]
[402, 61, 49.013661317891646]
[401, 60, 38.59880098452978]
[400, 60, 150.50490665485805]
[399, 60, 198.91412020172845]
[398, 61, 37.92867413494988]
[397, 61, 11.14557381998943]
[396, 60, 70.22711353571087]
[395, 61, 60.049129387924395]
[394, 60, 257.21095422692395]
[393, 61, 46.224392617580214]
[392, 60, 120.73813764563972]
[391, 60, 122.84674771506465]
[390, 59, 26.50293876882187]
[389, 58, 38.715844549005396]
[388, 59, 83.51163354947788]
[387, 59, 71.5160560588865]
[386, 58, 173.22055831460088]
[385, 57, 45.000265941903535]
[384, 56, 118.33418517474308]
[383, 55, 143.92573974166274]
[382, 56, 195.954213054436]
[381, 57, 85.87903866378072]
[380, 57, 127.54431167955704]
[379, 58, 38.97775884687776]
[378, 59, 0.4933248273998325]
[377, 58, 12.495485577952936]
[376, 57, 125.17234493823021]
[375, 58, 19.686578157128377]
[374, 57, 3.265972615762003]
[373, 56, 167.0866623319701]
[372, 56, 43.35924384623657]
[371, 56, 13.21804691443168]
[370, 55, 85.72556878022853]
[369, 55, 151.62044334064578]
[368, 55, 99.22515197139653]
[367, 56, 14.821820884592608]
[366, 55, 4.47988132250382]
[365, 55, 286.0777524042449]
[364, 54, 19.37587961827947]
[363, 55, 299.3309157789837]
[362, 56, 213.470959779748]
[361, 57, 3.916175960484658]
[360, 56, 19.060498709093153]
[359, 57, 59.01879045951747]
[358, 57, 2.6228489385074494]
[357, 57, 41.635771671600374]
[356, 58, 189.64143688202273]
[355, 58, 67.60521306051342]
[354, 59, 52.3924590807901]
[353, 58, 135.56803813481432]
[352, 57, 53.546403236577056]
[351, 58, 82.09997590267093]
[350, 57, 50.465265336109454]
[349, 58, 86.30435407510694]
[348, 59, 40.5949834368835]
[347, 59, 73.6654536693252]
[346, 60, 83.47312794243406]
[345, 59, 132.23208647581015]
[344, 60, 104.02741049905262]
[343, 60, 67.42463363939655]
[342, 60, 17.51543334852951]
[341, 60, 137.14789490076163]
[340, 60, 23.371616075414437]
[339, 60, 174.1637725092542]
[338, 61, 242.08934165149154]
[337, 62, 86.09140245852338]
[336, 63, 322.01851716088623]
[335, 64, 9.300937928566954]
[334, 65, 120.82216339602087]
[333, 66, 133.14397616025175]
[332, 66, 63.119795096908184]
[331, 66, 46.31661067302495]
[330, 67, 41.95602503821233]
[329, 67, 31.79901607550295]
[328, 68, 113.14306081651799]
[327, 69, 114.49333025824437]
[326, 69, 33.033574597346906]
[325, 70, 254.32540360991956]
[324, 71, 3.255538527096702]
[323, 71, 23.162337055647853]
[322, 70, 8.542290715607804]
[321, 71, 12.443316004558113]
[320, 72, 37.16353476737555]
[319, 73, 180.9901316378783]
[318, 73, 0.38445497694478137]
[317, 73, 13.972420558722721]
[316, 74, 69.87988894246133]
[315, 75, 71.06330950742684]
[314, 74, 188.58093378282499]
[313, 75, 135.01702321413555]
[312, 76, 79.79311770708664]
[311, 77, 65.05988109917332]
[310, 76, 22.533601904618394]
[309, 77, 211.06545028835833]
[308, 77, 7.167245742866202]
[307, 77, 46.391108977667464]
[306, 78, 17.588076921336626]
[305, 79, 115.87255156999603]
[304, 79, 110.01706799661338]
[303, 79, 13.543401185903804]
[302, 80, 73.32177046907546]
[301, 81, 40.675672437793466]
[300, 80, 61.86934089985768]
[299, 80, 50.61310210964282]
[298, 81, 50.53770611636238]
[297, 80, 108.65836317788724]
[296, 79, 255.39463921469496]
[295, 78, 68.56311579400254]
[294, 78, 42.77642980660906]
[293, 79, 7.639886440100496]
[292, 78, 221.96046729288992]
[291, 77, 71.82932773039347]
[290, 78, 63.28655181146814]
[289, 79, 0.5121754031841008]
[288, 78, 296.91794420988566]
[287, 77, 73.444136035478]
[286, 76, 144.28773791507038]
[285, 75, 87.6586527453625]
[284, 76, 8.715988949259678]
[283, 77, 102.8305705761829]
[282, 78, 67.70257682493741]
[281, 77, 81.05536940961977]
[280, 76, 51.63281380584556]
[279, 76, 2.494882241584284]
[278, 75, 129.11347410521884]
[277, 74, 81.04724831597765]
[276, 73, 101.12926998655958]
[275, 73, 15.383483958270661]
[274, 74, 125.53533946024625]
[273, 74, 201.98995676463167]
[272, 75, 21.807809071122954]
[271, 76, 40.96400003812112]
[270, 77, 314.2815617826102]
[269, 77, 38.858613318124014]
[268, 76, 118.15657873829876]
[267, 76, 278.5610662419902]
[266, 76, 136.14763270159847]
[265, 77, 39.194786097934866]
[264, 76, 304.263844069865]
[263, 77, 4.439333715842652]
[262, 78, 110.61983665415303]
[261, 79, 34.277653633640156]
[260, 78, 24.454275911418964]
[259, 77, 64.78403570900232]
[258, 78, 174.89657579260026]
[257, 78, 63.90140097872315]
[256, 79, 8.734487827417647]
[255, 79, 59.94700471196918]
[254, 79, 8.334399455360186]
[253, 80, 191.0864570896047]
[252, 79, 94.62615768218264]
[251, 80, 34.291335790404446]
[250, 81, 77.39589120879798]
[249, 81, 95.57947805375355]
[248, 82, 150.3148759257529]
[247, 82, 43.30411353009772]
[246, 83, 125.54695176245295]
[245, 84, 5.814399963009976]
[244, 83, 6.320984085767312]
[243, 84, 37.045059945253364]
[242, 84, 90.12512891682928]
[241, 83, 18.15865235049918]
[240, 82, 68.69250383730096]
[239, 82, 25.254156320298037]
[238, 82, 29.26698711356557]
[237, 82, 117.99706332219667]
[236, 81, 186.12598499774086]
[235, 80, 35.08983520232406]
[234, 81, 90.56608350474605]
[233, 80, 270.8481669451789]
[232, 79, 113.04411135472486]
[231, 78, 127.49058003450142]
[230, 78, 0.5509650423047296]
[229, 79, 69.10095325303894]
[228, 78, 46.924824405480734]
[227, 78, 45.43086874754515]
[226, 77, 201.2164763311256]
[225, 76, 429.95987730686153]
[224, 75, 66.35633546822628]
[223, 74, 3.8026031308828756]
[222, 73, 224.78627722577633]
[221, 72, 100.30996295062594]
[220, 71, 30.7883948963974]
[219, 70, 41.15680114056769]
[218, 69, 57.25551547715385]
[217, 68, 323.579822986683]
[216, 67, 81.14194631106392]
[215, 66, 39.96303672215795]
[214, 67, 4.21843058036403]
[213, 68, 12.370211892413884]
[212, 69, 110.07715288192976]
[211, 70, 33.2470616490913]
[210, 69, 143.16422334071933]
[209, 69, 39.08778883035935]
[208, 68, 110.66963468658042]
[207, 68, 89.87252160055436]
[206, 67, 33.93064530785267]
[205, 67, 197.72617937045834]
[204, 68, 116.33416849616496]
[203, 69, 56.32830543050416]
[202, 68, 13.56833401086821]
[201, 69, 79.91312215066382]
[200, 70, 33.143509889801024]
[199, 70, 19.191691858130465]
[198, 69, 32.95848061986334]
[197, 68, 340.80260117111527]
[196, 69, 102.26720643385201]
[195, 70, 58.226975300292196]
[194, 71, 114.81051597488035]
[193, 72, 14.543837104241897]
[192, 71, 46.849616481346224]
[191, 70, 100.73191037054279]
[190, 69, 148.17075152850174]
[189, 70, 9.732692960397692]
[188, 69, 0.4987543969665609]
[187, 70, 256.2012177430242]
[186, 71, 37.58896345580903]
[185, 70, 83.9671021256122]
[184, 69, 160.55794134867202]
[183, 69, 35.30710931424091]
[182, 68, 11.331962010869113]
[181, 69, 156.0104909471734]
[180, 70, 0.11112578845895449]
[179, 70, 170.803151860202]
[178, 69, 9.758578329876865]
[177, 68, 77.62558750183935]
[176, 68, 1.0129281553943326]
[175, 69, 14.792397774692102]
[174, 69, 91.07372297292515]
[173, 68, 137.32254044199738]
[172, 68, 123.45824114176219]
[171, 67, 2.0138495941018353]
[170, 68, 19.863714268266662]
[169, 67, 28.66846860239114]
[168, 66, 20.44272588425783]
[167, 65, 91.01070265401778]
[166, 66, 99.53969219030367]
[165, 66, 20.351746958843897]
[164, 67, 4.283200812737531]
[163, 68, 46.21091075983957]
[162, 69, 110.56301284500935]
[161, 68, 145.87101589446021]
[160, 67, 55.059127339095795]
[159, 67, 22.690678405263398]
[158, 67, 188.08395523242083]
[157, 67, 57.610584634258]
[156, 67, 26.971104474131092]
[155, 68, 72.81810680433254]
[154, 67, 239.99956978142677]
[153, 66, 57.90780375407961]
[152, 66, 191.384536209533]
[151, 67, 7.673767656108166]
[150, 67, 6.75944267966222]
[149, 68, 142.68594343379792]
[148, 69, 110.8527653247387]
[147, 69, 168.7772736814036]
[146, 70, 46.04447400744299]
[145, 70, 15.957807179820927]
[144, 71, 48.79266025922102]
[143, 72, 59.116642852106104]
[142, 73, 61.58605230237774]
[141, 72, 7.101461127926756]
[140, 71, 49.15967055967268]
[139, 71, 20.47234028939282]
[138, 71, 201.30056783581324]
[137, 72, 12.29938519419177]
[136, 71, 88.93248423362243]
[135, 70, 43.67686750402533]
[134, 69, 80.34052700639444]
[133, 69, 27.618148341897687]
[132, 69, 207.88866163660097]
[131, 70, 32.25134210185249]
[130, 71, 55.064098806519965]
[129, 72, 137.29707878037974]
[128, 72, 271.0522354235301]
[127, 72, 14.852325768143492]
[126, 71, 213.88583420901347]
[125, 71, 41.15385713641723]
[124, 71, 46.64973894378199]
[123, 72, 2.9371152224895725]
[122, 71, 100.78416797917933]
[121, 71, 168.4175399881655]
[120, 72, 27.909912003054092]
[119, 72, 58.82495655275671]
[118, 73, 67.7531263892055]
[117, 72, 62.32536140525108]
[116, 73, 131.47481763107695]
[115, 74, 5.3777438020679575]
[114, 75, 88.91489142865433]
[113, 76, 97.51171980959245]
[112, 76, 36.53249269430714]
[111, 75, 96.18532542373886]
[110, 75, 85.28968407307353]
[109, 75, 9.683891943900457]
[108, 74, 62.18947864691044]
[107, 75, 77.47297150938526]
[106, 76, 136.51457903660847]
[105, 75, 28.58898187265885]
[104, 75, 48.70224829491943]
[103, 76, 143.79760367424205]
[102, 77, 22.109043320278964]
[101, 78, 5.590663536597484]
[100, 77, 56.28033232569746]
[99, 76, 15.075075194703135]
[98, 77, 34.43789211889309]
[97, 77, 146.7617055387988]
[96, 78, 26.07438757771924]
[95, 79, 162.91584640918006]
[94, 80, 209.28151594030325]
[93, 81, 47.66675732295017]
[92, 82, 8.05033221911977]
[91, 83, 11.524769961650971]
[90, 84, 37.556048435656294]
[89, 85, 155.19032322320575]
[88, 86, 11.119498948809593]
[87, 86, 91.93888629837338]
[86, 85, 84.21268919900993]
[85, 85, 171.82411139010784]
[84, 86, 209.2939218509517]
[83, 86, 215.02153122443391]
[82, 87, 28.096749129787824]
[81, 86, 181.21064129612446]
[80, 87, 27.630312327633188]
[79, 88, 16.953936165370997]
[78, 89, 86.37165993796786]
[77, 90, 50.47880340905564]
[76, 91, 97.58556441658322]
[75, 92, 273.63240633490705]
[74, 92, 12.460996480274266]
[73, 93, 222.93164735369157]
[72, 94, 140.90264255993262]
[71, 94, 31.00542450097221]
[70, 95, 74.45349294138886]
[69, 96, 214.05797134266908]
[68, 97, 0.25281011878941495]
[67, 98, 200.61594048977727]
[66, 98, 27.053541113011505]
[65, 99, 57.726315487301505]
[64, 99, 89.41083352824164]
[63, 98, 136.34703740418658]
[62, 99, 139.96476087544696]
[61, 99, 115.31990858376496]
[60, 100, 312.8201579015842]
[59, 99, 56.445966064671396]
[58, 99, 4.873868918532532]
[57, 99, 60.80863179834045]
[56, 100, 76.24323184064995]
[55, 99, 95.81602139010597]
[54, 99, 15.963968148032691]
[53, 99, 47.6811336406075]
[52, 98, 48.95450721832961]
[51, 99, 26.58954494643545]
[50, 98, 35.73123845552561]
[49, 99, 231.771557178667]
[48, 98, 169.32536883485443]
[47, 97, 126.41223555183295]
[46, 97, 28.48100910328616]
[45, 96, 3.117250366854063]
[44, 97, 57.10967536709865]
[43, 98, 167.87359656645017]
[42, 99, 105.06832012194045]
[41, 100, 44.980194661029756]
[40, 100, 115.4542476433279]
[39, 100, 325.10180850618906]
[38, 101, 83.90256000616498]
[37, 101, 94.79656254765317]
[36, 102, 43.269272838130426]
[35, 102, 47.33753619444564]
[34, 101, 16.02684258773196]
[33, 100, 95.846764169981]
[32, 101, 65.4634655584525]
[31, 101, 25.278741596885922]
[30, 102, 52.35653775480564]
[29, 101, 38.08689527408443]
[28, 100, 57.81701543284245]
[27, 101, 76.92702532038447]
[26, 100, 20.981256191035303]
[25, 101, 69.37035693492905]
[24, 101, 58.21742579321004]
[23, 102, 61.941265357589984]
[22, 102, 98.32289555486523]
[21, 102, 44.35578565600379]
[20, 103, 77.44329216441753]
[19, 103, 91.7999474620329]
[18, 104, 28.89701604329614]
[17, 103, 10.980749843888804]
[16, 102, 29.488353169263128]
[15, 103, 130.31300711377264]
[14, 103, 42.81902010642019]
[13, 103, 27.418114061662447]
[12, 103, 19.543089103257138]
[11, 104, 100.01466469911591]
[10, 104, 56.25032140052277]
[9, 103, 33.42941619256473]
[8, 103, 56.07498592668247]
[7, 103, 101.00907788033436]
[6, 102, 69.00270903766747]
[5, 103, 7.448190903150742]
[4, 104, 164.8777808052453]
[3, 105, 17.92152686594339]
[2, 106, 166.01563696970211]
[1, 107, 111.78507373501328]
[0, 107, 74.86710465466795]
